470 47 10
0 0 1
0 1 1
0 2 1
0 3 1
0 4 1
0 5 1
0 6 1
0 7 1
0 8 0
0 9 0
1 0 1
1 1 1
1 2 1
1 3 1
1 4 1
1 5 1
1 6 0
1 7 1
1 8 1
1 9 0
2 0 1
2 1 1
2 2 1
2 3 1
2 4 1
2 5 1
2 6 0
2 7 1
2 8 0
2 9 0
3 0 1
3 1 1
3 2 1
3 3 1
3 4 1
3 5 1
3 6 0
3 7 0
3 8 0
3 9 0
4 0 1
4 1 1
4 2 1
4 3 0
4 4 1
4 5 1
4 6 0
4 7 1
4 8 0
4 9 0
5 0 1
5 1 1
5 2 1
5 3 1
5 4 1
5 5 1
5 6 0
5 7 0
5 8 0
5 9 0
6 0 1
6 1 1
6 2 1
6 3 1
6 4 1
6 5 1
6 6 0
6 7 0
6 8 0
6 9 0
7 0 1
7 1 1
7 2 1
7 3 1
7 4 0
7 5 1
7 6 0
7 7 0
7 8 0
7 9 1
8 0 1
8 1 0
8 2 1
8 3 1
8 4 0
8 5 1
8 6 0
8 7 1
8 8 0
8 9 0
9 0 1
9 1 1
9 2 1
9 3 0
9 4 1
9 5 1
9 6 0
9 7 0
9 8 0
9 9 0
10 0 1
10 1 1
10 2 1
10 3 0
10 4 1
10 5 1
10 6 0
10 7 0
10 8 0
10 9 0
11 0 1
11 1 1
11 2 1
11 3 1
11 4 0
11 5 1
11 6 0
11 7 0
11 8 0
11 9 0
12 0 1
12 1 1
12 2 1
12 3 0
12 4 1
12 5 1
12 6 0
12 7 0
12 8 0
12 9 0
13 0 1
13 1 1
13 2 1
13 3 0
13 4 1
13 5 1
13 6 0
13 7 0
13 8 0
13 9 0
14 0 1
14 1 1
14 2 1
14 3 1
14 4 0
14 5 0
14 6 0
14 7 0
14 8 0
14 9 0
15 0 1
15 1 1
15 2 1
15 3 0
15 4 0
15 5 1
15 6 0
15 7 0
15 8 0
15 9 0
16 0 1
16 1 1
16 2 1
16 3 0
16 4 1
16 5 0
16 6 0
16 7 0
16 8 0
16 9 0
17 0 1
17 1 1
17 2 1
17 3 0
17 4 0
17 5 1
17 6 0
17 7 0
17 8 0
17 9 0
18 0 1
18 1 1
18 2 1
18 3 0
18 4 0
18 5 1
18 6 0
18 7 0
18 8 0
18 9 0
19 0 1
19 1 1
19 2 1
19 3 0
19 4 0
19 5 1
19 6 0
19 7 0
19 8 0
19 9 0
20 0 1
20 1 1
20 2 1
20 3 0
20 4 0
20 5 1
20 6 0
20 7 0
20 8 0
20 9 0
21 0 1
21 1 1
21 2 1
21 3 0
21 4 0
21 5 1
21 6 0
21 7 0
21 8 0
21 9 0
22 0 1
22 1 1
22 2 1
22 3 0
22 4 0
22 5 1
22 6 0
22 7 0
22 8 0
22 9 0
23 0 1
23 1 1
23 2 1
23 3 0
23 4 1
23 5 0
23 6 0
23 7 0
23 8 0
23 9 0
24 0 1
24 1 0
24 2 1
24 3 0
24 4 0
24 5 1
24 6 0
24 7 0
24 8 0
24 9 0
25 0 1
25 1 1
25 2 0
25 3 0
25 4 0
25 5 1
25 6 0
25 7 0
25 8 0
25 9 0
26 0 1
26 1 0
26 2 1
26 3 0
26 4 1
26 5 0
26 6 0
26 7 0
26 8 0
26 9 0
27 0 1
27 1 1
27 2 1
27 3 0
27 4 0
27 5 0
27 6 0
27 7 0
27 8 0
27 9 0
28 0 1
28 1 1
28 2 0
28 3 0
28 4 0
28 5 1
28 6 0
28 7 0
28 8 0
28 9 0
29 0 1
29 1 1
29 2 0
29 3 0
29 4 1
29 5 0
29 6 0
29 7 0
29 8 0
29 9 0
30 0 1
30 1 0
30 2 0
30 3 0
30 4 1
30 5 1
30 6 0
30 7 0
30 8 0
30 9 0
31 0 1
31 1 0
31 2 0
31 3 0
31 4 1
31 5 0
31 6 0
31 7 0
31 8 0
31 9 0
32 0 1
32 1 1
32 2 0
32 3 0
32 4 0
32 5 0
32 6 0
32 7 0
32 8 0
32 9 0
33 0 1
33 1 1
33 2 0
33 3 0
33 4 0
33 5 0
33 6 0
33 7 0
33 8 0
33 9 0
34 0 1
34 1 1
34 2 0
34 3 0
34 4 0
34 5 0
34 6 0
34 7 0
34 8 0
34 9 0
35 0 1
35 1 0
35 2 1
35 3 0
35 4 0
35 5 0
35 6 0
35 7 0
35 8 0
35 9 0
36 0 1
36 1 0
36 2 0
36 3 0
36 4 0
36 5 0
36 6 0
36 7 0
36 8 0
36 9 0
37 0 1
37 1 0
37 2 0
37 3 0
37 4 0
37 5 0
37 6 0
37 7 0
37 8 0
37 9 0
38 0 1
38 1 0
38 2 0
38 3 0
38 4 0
38 5 0
38 6 0
38 7 0
38 8 0
38 9 0
39 0 1
39 1 0
39 2 0
39 3 0
39 4 0
39 5 0
39 6 0
39 7 0
39 8 0
39 9 0
40 0 1
40 1 0
40 2 0
40 3 0
40 4 0
40 5 0
40 6 0
40 7 0
40 8 0
40 9 0
41 0 1
41 1 0
41 2 0
41 3 0
41 4 0
41 5 0
41 6 0
41 7 0
41 8 0
41 9 0
42 0 1
42 1 0
42 2 0
42 3 0
42 4 0
42 5 0
42 6 0
42 7 0
42 8 0
42 9 0
43 0 0
43 1 0
43 2 0
43 3 0
43 4 0
43 5 0
43 6 0
43 7 0
43 8 0
43 9 1
44 0 1
44 1 0
44 2 0
44 3 0
44 4 0
44 5 0
44 6 0
44 7 0
44 8 0
44 9 0
45 0 1
45 1 0
45 2 0
45 3 0
45 4 0
45 5 0
45 6 0
45 7 0
45 8 0
45 9 0
46 0 1
46 1 0
46 2 0
46 3 0
46 4 0
46 5 0
46 6 0
46 7 0
46 8 0
46 9 0
